9.957075
13.615714
18.603128
19.065420
19.138300
19.524126
19.754852
19.981747
20.440567
20.511452
20.666939
20.895397
21.353128
21.584354
21.812767
22.501701
22.729683
22.868389
23.186893
23.644423
24.101587
24.563242
25.020363
25.478096
25.933447
26.163561
26.390793
26.851406
27.309660
27.767914
28.225487
28.683084
28.912992
29.139387
29.598866
29.780840
30.515556
30.715239
30.948889
31.430679
31.888798
32.346508
32.805965
33.263763
33.721859
34.178051
34.635376
35.093719
35.552902
36.010952
36.240929
36.468548
36.927074
37.384491
37.842972
38.300545
38.759342
39.215714
39.672901
39.903469
40.131744
40.590023
40.819115
41.048527
41.506893
41.734760
41.964512
42.422291
42.651791
42.879864
43.338230
43.567867
43.795078
44.253582
44.485920
44.711224
45.170181
45.397507
45.628071
46.087212
46.544876
46.727867
46.998096
51.321587
57.536575
58.453766
58.635601
58.911362
59.368164
59.826778
60.284626
60.743717
61.199863
62.114059
62.344536
62.693718
62.802788
63.032539
63.263241
63.490726
63.718800
63.949207
64.177460
64.407440
64.636353
64.865990
65.095192
65.323242
65.551903
65.780502
66.011292
66.239342
66.469231
66.697029
66.925781
67.154854
67.383240
67.612106
67.839981
68.071068
68.299660
68.529160
68.757957
68.987122
69.193810
69.445602
69.675690
69.903831
70.021973
70.132835
70.360229
70.589844
70.819527
71.049316
71.277802
71.506714
71.734764
71.964737
72.193062
72.423126
72.650589
72.878189
73.109459
73.339203
73.567574
73.795036
74.025986
74.253922
74.483925
74.712654
74.939911
75.172607
75.398460
75.629616
75.856194
76.321861
76.519386
77.459953
77.688911
77.918457
78.147621
78.376915
78.605530
78.834534
79.062996
79.292763
79.521858
79.750587
79.978569
80.208321
80.437576
80.635986
80.894424
81.125053
81.353035
81.584129
81.811317
82.038025
82.268776
82.496620
82.727730
82.956284
83.184425
83.643829
83.849297
84.100571
84.331543
84.558434
84.789413
85.016533
85.246941
85.475555
85.933495
86.162178
86.391357
86.619255
86.849907
87.078728
87.308365
87.536690
87.766281
88.223198
88.681023
89.139137
89.370247
89.596687
90.055237
90.511856
90.971863
91.176216
92.115898
92.345985
92.575417
92.804489
93.033875
93.261154
93.719231
93.949051
94.177689
94.407890
94.635239
94.862312
95.093628
95.551926
96.009590
96.468094
96.697502
96.925354
97.384171
97.840973
98.300049
98.756165
98.989616
99.215714
99.673561
100.131500
100.362724
100.590836
101.047554
101.278030
101.506035
101.735100
101.964691
102.193535
102.422241
102.879341
103.109482
103.336868
103.796165
104.025986
104.253036
104.711494
105.169388
105.628708
105.834442
106.086281
110.149933
111.341812
111.584244
112.042015
112.271408
112.501427
112.960205
113.189323
113.418640
114.104195
114.331726
114.453857
115.710541
116.166283
116.624420
116.852928
117.081223
117.536713
118.644554
119.599480
120.286667
120.516670
120.745872
121.111702
121.203629
121.372177
121.760246
122.117752
122.350700
122.576599
122.922630
123.447281
123.950790
124.408501
124.867325
125.323608
125.780838
126.010841
126.239754
126.697708
127.155060
127.612564
127.844673
128.071411
128.529999
128.987549
129.446487
129.903885
130.362885
130.819275
131.277023
131.506302
131.735641
132.193451
132.652130
133.109634
133.567963
134.026443
134.483856
134.941132
135.172043
135.397568
135.858414
136.775146
138.597229
140.005402
141.824646
142.925919
146.376694
150.238068
156.010681
156.238571
156.469727
157.584824
157.842148
158.300293
158.757889
159.214737
159.674225
160.132431
160.591141
160.817825
161.048279
161.506592
161.964874
162.421402
162.879639
163.337296
163.795761
164.254532
164.712433
165.170731
165.628571
166.086777
166.543335
167.002060
167.459610
168.602203
169.518478
172.726288
172.956161
173.185684
173.414246
173.641907
173.872040
174.101425
174.331223
174.558594
174.788940
175.017578
175.246796
175.452606
175.704666
175.936172
176.163513
176.281616
176.393021
176.618973
176.849304
177.078201
177.308395
177.535934
177.767105
177.994217
178.224442
178.452499
178.681290
178.911285
179.137909
179.367920
179.598816
179.826920
180.284042
180.743286
180.971863
181.200089
181.658463
181.890411
182.115753
182.346512
182.574677
182.780090
183.032272
183.263351
183.491272
183.719116
183.948685
184.179123
184.407074
184.637115
184.865402
185.322830
185.553192
185.780426
186.011063
186.238525
186.696243
186.896896
187.154266
187.612839
188.071289
188.298508
188.528275
188.987228
189.443970
189.903152
190.107376
190.360153
190.592224
190.818253
191.276321
191.507477
191.734848
191.965195
192.193893
192.651047
192.880569
193.109497
193.567749
194.024872
194.482086
194.939926
195.398666
195.628616
195.856003
196.314621
196.773270
197.231491
197.437851
197.689728
197.919586
198.375641
198.605331
198.835281
199.063644
199.293198
199.521118
199.750473
199.978821
200.208496
200.437439
200.666687
200.895279
201.123703
201.353287
201.583313
201.812042
202.039993
202.269684
202.498505
202.728027
202.956512
203.184586
203.642807
203.873291
204.100266
204.330902
204.559097
204.764542
205.016830
205.247818
205.475235
205.595322
205.704056
205.932953
206.163605
206.391785
206.620316
206.850098
207.077667
207.307907
207.538589
207.766327
207.995239
208.223328
208.453583
208.680527
208.911560
209.139893
209.369705
209.597321
209.828171
210.055130
210.284210
210.513000
211.884079
