0.057
0.406
0.759
1.109
1.224
1.460
1.583
1.932
2.160
2.284
2.636
2.982
3.106
3.336
3.459
3.473
3.804
3.823
4.155
4.508
4.860
4.977
5.210
5.333
5.358
5.446
5.682
6.035
6.383
6.733
6.854
7.210
7.320
7.553
8.019
8.049
8.255
8.668
8.956
8.988
9.431
9.894
9.928
10.360
10.604
10.832
10.863
11.327
11.464
11.657
11.769
11.800
12.013
12.261
12.706
12.951
12.999
13.159
13.207
13.533
13.644
14.113
14.348
14.582
14.612
15.084
15.203
15.406
15.521
15.551
16.231
16.249
16.456
16.486
16.581
17.193
17.283
17.393
17.424
17.853
18.106
18.331
18.820
19.076
19.099
19.270
19.300
19.439
19.500
20.207
20.238
20.565
20.895
21.144
21.174
21.970
22.081
22.113
22.436
22.551
22.788
23.020
23.051
23.257
23.725
23.957
23.985
24.124
24.194
24.441
24.663
24.895
25.132
25.370
25.602
25.830
26.069
26.334
26.455
26.538
26.770
26.800
27.004
27.238
27.475
27.663
27.943
28.177
28.413
28.647
28.882
29.107
29.236
29.351
29.580
29.612
29.820
30.075
30.210
30.289
30.519
30.549
30.759
30.958
31.015
31.225
31.458
31.488
31.693
32.163
32.396
32.632
32.852
32.988
33.100
33.331
33.570
33.822
34.039
34.269
34.299
34.508
34.975
35.207
35.235
35.444
35.582
35.682
35.912
36.146
36.383
36.851
37.083
37.319
37.433
37.552
37.789
38.020
38.139
38.256
38.608
38.725
38.959
39.076
39.194
39.333
39.429
39.662
39.896
40.014
40.132
40.248
40.482
40.601
40.833
40.952
41.070
41.303
41.538
41.773
41.890
42.006
42.357
42.474
42.710
42.825
42.944
43.080
43.178
43.412
43.646
43.763
43.882
44.233
44.351
44.583
44.700
44.818
45.053
45.288
45.522
45.639
45.756
46.108
46.225
46.458
46.578
46.694
46.813
46.835
46.927
47.161
47.396
47.631
47.982
48.100
48.334
48.451
48.571
48.802
49.036
49.271
49.506
49.741
49.975
50.210
50.444
50.678
50.912
51.380
51.616
51.848
52.788
53.021
53.257
53.485
53.668
53.725
53.959
54.091
54.194
54.422
54.491
54.664
54.897
55.034
55.131
55.360
55.601
55.830
56.070
56.462
56.538
56.769
56.909
57.006
57.236
57.333
57.476
57.708
57.843
57.942
58.172
58.413
58.647
58.779
58.883
59.109
59.234
59.350
59.580
59.717
59.820
60.114
60.205
60.289
60.518
60.757
60.984
61.228
61.458
61.582
61.694
61.996
62.163
62.396
62.531
62.632
62.859
62.986
63.005
63.099
63.335
63.466
63.570
63.872
64.039
64.274
64.405
64.508
64.734
64.855
64.977
65.209
65.445
65.571
65.676
65.913
66.147
66.382
66.612
66.851
67.084
67.320
67.788
68.020
68.258
68.483
68.726
68.957
69.098
69.124
69.194
69.424
69.486
69.664
69.894
70.032
70.133
70.361
70.598
70.832
71.070
71.457
71.479
71.539
71.772
71.906
72.005
72.235
72.329
72.360
72.476
72.654
72.847
72.946
73.173
73.415
73.643
73.780
73.882
74.111
74.235
74.348
74.582
74.718
74.820
75.111
75.212
75.289
75.521
75.656
75.757
75.956
75.986
76.089
76.226
76.457
76.594
76.695
76.921
77.074
77.163
77.393
77.531
77.631
77.858
77.988
78.099
78.331
78.570
79.038
79.270
79.407
79.506
79.734
79.976
80.207
80.445
80.580
80.675
80.913
81.147
81.382
81.612
81.851
82.083
82.320
82.551
82.788
83.021
83.257
83.486
83.725
83.959
84.092
84.194
84.424
84.553
84.663
84.895
85.030
85.133
85.361
85.471
85.493
85.602
85.833
85.968
86.071
86.428
86.540
86.771
86.905
87.008
87.236
87.367
87.475
87.709
87.843
87.943
88.174
88.413
88.645
88.778
88.883
89.111
89.243
89.351
89.583
89.717
89.821
90.290
90.521
90.655
90.759
90.986
91.119
91.226
91.458
91.593
91.694
91.924
92.059
92.163
92.396
92.531
92.632
92.861
92.993
93.101
93.333
93.468
93.570
93.932
94.039
94.270
94.403
94.509
94.736
94.861
94.977
95.208
95.342
95.446
95.676
95.914
96.146
96.382
96.613
96.851
97.084
97.320
100.144
100.604
100.835
101.658
102.009
102.709
102.846
103.177
103.534
103.651
104.105
104.138
104.231
104.351
104.587
105.406
105.544
105.756
105.956
106.016
106.463
106.485
106.592
106.705
107.409
107.855
107.986
108.099
108.333
108.820
109.083
109.117
109.507
110.582
110.684
110.862
110.890
112.551
113.021
113.138
113.257
113.607
113.721
113.957
114.076
114.329
114.429
114.646
114.659
114.896
115.015
115.134
115.249
115.482
115.601
115.833
115.951
116.266
116.303
116.536
116.772
116.888
117.006
117.358
117.475
117.709
117.827
118.082
118.178
118.411
118.647
118.766
118.881
118.998
119.233
119.350
119.582
119.701
120.052
120.288
120.520
120.637
120.756
121.107
121.225
121.459
121.576
121.694
121.812
121.827
121.927
122.160
122.398
122.515
122.632
122.981
123.102
123.332
123.453
123.570
123.805
124.037
124.269
124.388
124.506
124.975
125.443
125.677
125.912
126.144
126.382
126.616
126.850
127.514
127.787
128.021
128.144
128.258
128.484
128.610
128.670
128.725
128.956
129.082
129.196
129.424
129.487
129.547
129.664
129.895
130.018
130.132
130.362
130.486
130.598
130.833
130.956
131.070
131.363
131.422
131.468
131.539
131.772
131.894
132.007
132.235
132.334
132.360
132.476
132.708
132.831
132.945
133.173
133.298
133.415
133.645
133.768
133.883
134.111
134.237
134.354
134.582
134.706
134.820
135.112
135.172
135.206
135.289
135.522
135.642
135.757
135.984
136.109
136.226
136.458
136.581
136.696
136.921
137.002
137.049
137.164
137.394
137.521
137.631
137.861
137.987
138.103
138.332
138.456
138.569
138.922
139.038
139.271
139.393
139.507
139.735
139.811
139.861
139.976
140.208
140.332
140.445
140.568
140.675
140.914
141.146
141.382
141.612
141.850
142.084
142.319
142.788
143.021
143.146
143.257
143.485
143.608
143.726
143.959
144.081
144.195
144.422
144.490
144.548
144.664
144.898
145.018
145.133
145.360
145.486
145.601
145.830
145.957
146.070
146.423
146.461
146.539
146.770
146.892
147.005
147.236
147.331
147.360
147.476
147.657
147.833
147.944
148.172
148.299
148.414
148.647
148.767
148.883
149.107
149.236
149.351
149.580
149.707
149.820
150.174
150.213
150.289
150.405
150.520
150.643
150.759
150.956
150.986
151.086
151.107
151.226
151.458
151.581
151.696
151.922
152.048
152.163
152.397
152.519
152.632
152.860
152.988
153.101
153.332
153.455
153.570
153.925
154.038
154.270
154.393
154.508
154.734
154.860
154.975
155.208
155.331
155.447
155.676
155.913
156.147
156.382
156.612
156.738
156.851
157.084
157.320
157.552
157.789
158.020
158.146
158.258
158.485
158.611
158.727
158.958
159.080
159.196
159.424
159.547
159.666
159.896
160.018
160.132
160.361
160.485
160.600
160.834
160.955
161.069
161.424
161.539
161.770
161.893
162.007
162.236
162.361
162.477
162.708
162.831
162.946
163.174
163.298
163.415
163.645
163.769
163.883
164.111
164.210
164.235
164.353
164.584
164.706
164.819
165.173
165.288
165.520
165.643
165.757
165.986
166.111
166.226
166.458
166.581
166.695
166.923
167.048
167.165
167.396
167.518
167.634
167.861
167.985
168.101
168.334
168.456
168.568
168.923
169.038
169.271
169.394
169.507
169.736
169.860
169.975
170.209
170.332
170.445
170.675
170.914
171.147
171.382
171.611
171.851
172.083
172.214
172.319
173.725
174.083
174.435
174.785
175.137
175.604
175.958
175.975
